 1.0 15  4 17  2
 -50.0  -5.0  -1.0  10.0  20.0  30.0  45.0  65.0  95.0 125.0 155.0 185.0 215.0 245.0 500.0
-540.0-100.0 100.0 540.0
-540.0-440.0-260.0-200.0-160.0-120.0 -80.0 -40.0   0.0  40.0  80.0 120.0 160.0 200.0 260.0 440.0 540.0
  0  0  0
  0  0  0
 1.50 1.50 1.50 1.50 1.50 1.50 1.50 1.50 1.50 1.50 1.50 1.50 1.50 1.50 1.50
 1.50 1.50 1.50 1.50 1.50 1.50 1.50 1.50 1.50 1.50 1.50 1.50 1.50 1.50 1.50
 1.50 1.50 1.50 1.50 1.50 1.50 1.50 1.50 1.50 1.50 1.50 1.50 1.50 1.50 1.50
 1.50 1.50 1.50 1.50 1.50 1.50 1.50 1.50 1.50 1.50 1.50 1.50 1.50 1.50 1.50
 1.50 1.50 1.50 1.50 1.50 1.50 1.50 1.50 1.50 1.50 1.50 1.50 1.50 1.50 1.50
 1.50 1.50 1.50 1.50 1.50 1.50 1.50 1.50 1.50 1.50 1.50 1.50 1.50 1.50 1.50
 1.50 1.50 1.50 1.50 1.50 1.50 1.50 1.50 1.50 1.50 1.50 1.50 1.50 1.50 1.50
 1.50 1.50 1.50 1.50 1.50 1.50 1.50 1.50 1.50 1.50 1.50 1.50 1.50 1.50 1.50
 1.50 1.50 1.50 1.50 1.50 1.50 1.50 1.50 1.50 1.50 1.50 1.50 1.50 1.50 1.50
 1.50 1.50 1.50 1.50 1.50 1.50 1.50 1.50 1.50 1.55 1.50 1.50 1.50 1.50 1.50
 1.50 1.50 1.50 1.50 1.50 1.50 1.50 1.50 1.50 1.50 1.50 1.50 1.50 1.50 1.50
 1.50 1.50 1.50 1.50 1.50 1.50 1.50 1.50 1.50 1.50 1.50 1.66 1.50 1.50 1.50
 1.50 1.50 1.50 1.50 1.50 1.50 1.50 1.50 1.50 1.50 1.50 1.50 1.50 1.50 1.50
 1.50 1.50 1.50 1.50 1.50 1.50 1.50 1.50 1.50 6.54 6.54 6.54 6.54 6.54 6.54
 6.54 6.53 6.65 6.83 6.35 5.47 4.68 4.50 4.60 4.60 4.60 6.49 6.53 6.55 6.55
 6.56 6.56 6.65 6.65 6.72 6.53 5.25 4.33 4.39 4.59 4.60 4.61 4.60 6.39 6.37
 6.40 6.40 6.37 6.35 7.13 6.75 6.43 6.47 4.50 4.26 4.36 4.35 4.32 4.20 4.14
 6.43 6.43 6.43 6.43 6.43 6.62 6.44 5.80 5.26 4.56 4.66 4.70 4.70 4.70 4.70
 4.70 4.70 7.18 7.18 7.18 7.18 7.18 7.18 7.18 7.18 7.21 7.22 7.11 6.98 7.27
 7.67 7.79 7.79 7.79 7.17 7.15 7.14 7.15 7.15 7.16 7.13 7.17 7.08 7.23 6.55
 6.92 7.56 7.70 7.72 7.79 7.79 7.19 7.22 7.36 7.41 7.38 7.36 7.13 7.17 7.54
 7.28 6.95 7.22 7.56 7.56 7.56 7.56 7.57 7.17 7.17 7.17 7.17 7.17 7.11 7.24
 7.32 7.15 7.03 7.43 7.60 7.60 7.60 7.60 7.60 7.60 7.76 7.76 7.76 7.76 7.76
 7.76 7.76 7.72 7.62 7.62 7.60 7.69 7.88 7.96 7.97 7.97 7.97 7.70 7.67 7.66
 7.67 7.67 7.68 7.62 7.48 7.13 7.33 6.97 7.90 7.97 7.97 7.97 7.97 7.97 7.88
 7.88 7.88 7.88 7.89 7.89 7.70 7.68 7.97 7.82 7.66 7.94 7.96 7.96 7.96 7.97
 7.96 7.89 7.89 7.89 7.89 7.89 7.74 7.58 7.56 7.57 7.81 7.95 7.96 7.96 7.96
 7.96 7.96 7.96 7.99 7.99 7.99 7.99 7.99 7.99 7.99 7.99 8.01 7.94 7.90 7.96
 8.01 8.04 8.04 8.04 8.04 7.95 7.96 7.97 7.97 7.98 7.98 8.00 8.20 7.65 7.95
 8.21 8.04 8.03 8.04 8.04 8.04 8.04 7.99 7.99 7.99 7.99 7.99 7.98 7.88 8.08
 7.49 7.72 8.01 8.02 8.03 8.03 8.03 8.03 8.03 7.99 7.99 7.99 7.99 7.99 7.96
 7.95 7.99 7.95 7.99 8.03 8.04 8.04 8.04 8.04 8.04 8.04 8.09 8.09 8.09 8.09
 8.09 8.09 8.09 8.09 8.07 8.04 8.05 8.09 8.12 8.14 8.14 8.14 8.14 8.06 8.06
 8.06 8.06 8.07 8.07 8.06 8.05 7.87 8.13 8.10 8.11 8.14 8.14 8.14 8.14 8.14
 8.09 8.09 8.09 8.08 8.08 8.08 7.96 7.90 7.70 8.19 8.11 8.12 8.13 8.13 8.14
 8.13 8.13 8.09 8.09 8.09 8.09 8.09 8.09 8.09 8.07 8.07 8.10 8.12 8.13 8.13
 8.13 8.13 8.13 8.13 8.23 8.23 8.23 8.24 8.23 8.23 8.23 8.23 8.14 8.16 8.22
 8.24 8.27 8.29 8.29 8.29 8.29 8.24 8.23 8.22 8.21 8.21 8.21 8.14 8.35 8.36
 8.25 8.24 8.26 8.29 8.29 8.29 8.29 8.29 8.25 8.25 8.25 8.25 8.24 8.23 8.31
 8.27 8.21 8.23 8.23 8.27 8.29 8.29 8.29 8.28 8.28 8.24 8.25 8.25 8.25 8.25
 8.25 8.24 8.22 8.23 8.25 8.27 8.29 8.29 8.28 8.29 8.29 8.29 8.37 8.37 8.37
 8.36 8.37 8.37 8.37 8.37 8.36 8.36 8.36 8.37 8.38 8.40 8.40 8.40 8.40 8.39
 8.40 8.40 8.39 8.38 8.38 8.41 8.31 8.34 8.36 8.37 8.38 8.40 8.40 8.40 8.40
 8.40 8.38 8.39 8.38 8.37 8.37 8.36 8.59 8.21 8.33 8.35 8.36 8.39 8.39 8.39
 8.39 8.39 8.39 8.38 8.38 8.37 8.38 8.38 8.37 8.36 8.36 8.36 8.37 8.39 8.39
 8.39 8.39 8.39 8.39 8.39 8.39 8.39 8.39 8.39 8.39 8.39 8.39 8.39 8.39 8.39
 8.40 8.39 8.40 8.40 8.40 8.40 8.40 8.40 8.41 8.42 8.41 8.41 8.42 8.42 8.38
 8.39 8.39 8.39 8.40 8.40 8.40 8.40 8.40 8.40 8.40 8.40 8.40 8.39 8.39 8.39
 8.43 8.36 8.39 8.39 8.40 8.40 8.40 8.40 8.40 8.40 8.40 8.40 8.40 8.40 8.40
 8.40 8.39 8.39 8.40 8.39 8.40 8.40 8.40 8.40 8.40 8.40 8.40 8.40 8.42 8.42
 8.42 8.42 8.42 8.42 8.42 8.42 8.42 8.42 8.42 8.42 8.42 8.42 8.42 8.42 8.42
 8.42 8.43 8.44 8.44 8.44 8.44 8.45 8.41 8.42 8.42 8.42 8.42 8.42 8.42 8.42
 8.42 8.42 8.42 8.42 8.42 8.42 8.42 8.42 8.44 8.40 8.42 8.42 8.42 8.42 8.42
 8.42 8.42 8.42 8.42 8.42 8.42 8.42 8.42 8.42 8.42 8.42 8.42 8.42 8.42 8.42
 8.42 8.42 8.42 8.42 8.42 8.42 8.44 8.44 8.44 8.44 8.44 8.44 8.44 8.44 8.44
 8.44 8.44 8.44 8.44 8.44 8.44 8.44 8.44 8.45 8.45 8.46 8.46 8.46 8.46 8.47
 8.44 8.44 8.44 8.44 8.44 8.44 8.44 8.44 8.44 8.44 8.44 8.44 8.44 8.44 8.44
 8.44 8.46 8.42 8.44 8.44 8.44 8.44 8.44 8.44 8.44 8.44 8.44 8.44 8.44 8.44
 8.44 8.44 8.44 8.44 8.44 8.44 8.44 8.44 8.44 8.44 8.44 8.44 8.44 8.44 8.47
 8.47 8.47 8.47 8.47 8.47 8.47 8.47 8.47 8.47 8.47 8.47 8.47 8.47 8.47 8.47
 8.47 8.47 8.48 8.49 8.49 8.49 8.49 8.49 8.46 8.47 8.47 8.47 8.47 8.47 8.47
 8.47 8.47 8.47 8.47 8.47 8.47 8.47 8.47 8.46 8.48 8.45 8.47 8.47 8.47 8.47
 8.47 8.47 8.47 8.47 8.47 8.47 8.47 8.47 8.47 8.47 8.47 8.47 8.47 8.47 8.47
 8.47 8.47 8.47 8.47 8.47 8.47 8.47 8.68 8.68 8.68 8.68 8.68 8.68 8.68 8.68
 8.68 8.68 8.68 8.68 8.68 8.68 8.68 8.68 8.68 8.68 8.68 8.69 8.69 8.69 8.69
 8.69 8.67 8.68 8.68 8.68 8.68 8.68 8.68 8.68 8.68 8.68 8.68 8.68 8.68 8.68
 8.68 8.67 8.69 8.66 8.68 8.68 8.68 8.68 8.68 8.68 8.68 8.68 8.68 8.68 8.68
 8.68 8.68 8.68 8.68 8.68 8.68 8.68 8.68 8.68 8.68 8.68 8.68 8.68 8.68 8.68
